64959
65183
65119
44890
10210
176
208
384
6193
39161
65119
65263
65311
65167
42490
6753
96
448
160
6417
40953
65343
65311
65311
65183
40361
5921
128
160
272
12707
46075
65343
65247
65247
65295
35608
2000
256
144
80
8882
44682
65279
65151
65119
64991
32792
144
144
272
448
15667
54157
65343
65215
60382
65215
128
17844
3136
112
160
96
65199
65343
65359
65199
18852
160
448
336
26966
45707
60174
54541
44346
31223
19172
5809
9778
23285
51884
64799
65007
65263
56733
22357
256
288
208
96
15523
50892
64911
65087
65263
64927
29271
2464
192
416
80
25398
59182
65183
64959
64991
57774
29127
304
416
544
288
31383
64719
65247
65327
65311
47467
12995
160
96
176
5857
38105
64991
65039
65023
64911
41610
9730
288
144
128
9714
42874
64879
65055
65039
65087
38089
7089
480
272
480
13987
46539
65215
65231
64959
65039
34648
4048
480
80
256
14339
48299
65311
65311
65327
65279
34424
192
80
144
144
15443
51404
65311
65231
65247
64687
34232
416
144
224
336
16964
50780
64847
64943
64847
58110
26486
160
480
464
224
20501
57374
65103
65199
65231
59998
27686
208
128
464
576
25222
59854
64911
65343
64847
56301
24085
112
192
128
96
25830
62815
65151
65311
65135
53421
21269
80
96
144
144
31159
64975
65231
65279
65119
50908
19220
240
160
96
96
30903
64527
65231
65311
65183
46827
14163
176
144
160
3488
36921
65087
65247
64943
65039
45067
13587
96
176
128
6801
36344
65055
65119
64975
64975
41354
8706
0
240
192
10034
45963
65295
65327
65327
65311
38313
2608
272
80
96
8450
44026
65103
65279
65199
65199
31815
160
80
336
224
15955
54317
65327
64927
65087
57646
27830
432
96
96
128
21189
55181
65343
64927
65199
57021
26774
304
144
176
96
19524
54877
65327
64799
65247
54973
23813
112
160
384
224
25542
61839
65215
65247
65279
54813
24565
176
128
96
448
27158
63215
65311
65263
65199
47243
15683
336
448
256
1328
31463
64847
65183
65231
65215
46491
13011
384
160
288
7441
38489
65327
65151
65215
65279
40073
5313
96
192
464
4801
39481
65311
65263
65247
65279
40649
6337
256
208
176
11106
48411
65311
65247
65327
65311
38361
2016
256
144
240
11554
48971
64783
64911
65215
65151
35736
544
224
256
128
17348
52412
64959
65199
64911
64783
32904
416
80
128
128
21429
56685
65215
65231
65295
59742
26678
96
208
208
160
22101
59678
65279
65215
65247
58606
26598
160
128
144
240
28438
64575
65215
65247
65023
53212
21557
64
176
144
192
27830
65023
65199
65199
65215
53501
18004
288
256
176
176
31127
65215
65279
65311
65279
47787
15043
144
208
64
144
33896
65167
65247
65279
65231
46283
13091
448
80
432
2272
33336
65279
65311
65199
65311
46107
12419
96
496
544
1600
38649
65183
65183
64783
64975
39257
7809
384
64
208
9602
43434
65039
64943
65039
65199
37801
4225
160
96
320
8386
44890
64943
65039
65327
65311
38169
3328
256
192
144
12435
47771
65103
65263
65023
64911
38585
4545
368
464
384
11906
45595
65343
65279
65327
65231
33720
144
96
96
160
13795
50636
65311
65311
65279
64831
31959
80
96
80
0
19588
53405
65279
65231
65279
61166
26470
96
80
96
208
23157
57534
65295
64975
65343
60638
28358
96
176
208
208
25558
64655
65247
65135
65247
51516
17092
112
176
96
416
27206
63487
65087
64943
65023
52348
19716
144
128
128
3360
33752
65039
65087
65087
65071
50316
16019
96
96
128
2496
36280
65311
65311
65279
65311
44314
10562
160
144
240
7505
39929
65103
65135
64847
65343
43530
7073
256
160
272
7633
42202
65311
65279
65215
65263
40953
5425
96
224
192
11394
46139
65151
65135
65263
65279
35928
1440
96
112
288
17492
51964
65151
65103
65247
59134
29351
192
560
448
432
19492
56461
64911
65055
64991
57774
27654
464
448
144
336
26406
63711
65039
64783
65007
55453
23333
160
176
160
304
30263
64399
65343
65311
65327
53004
18484
128
96
416
304
29687
64495
65311
65327
65327
45899
12066
144
96
96
1664
36536
65199
65279
65263
65295
46939
16083
448
144
128
176
34632
65327
65023
64911
65039
45131
8177
160
80
448
320
33960
65311
65295
65295
65247
44106
9794
160
144
128
1440
37641
65295
65151
65263
65343
37321
6113
224
80
176
9218
43450
65279
65327
65263
65183
38537
3120
144
400
352
9058
42906
65343
65119
65183
65343
34072
192
96
512
128
14883
50332
65311
65215
65279
61679
27190
416
416
80
160
18916
55741
65247
65311
64847
56973
24565
288
176
96
576
22581
58382
65183
65311
65327
56237
27302
304
208
96
256
24790
63263
65311
65247
65279
55229
22181
96
96
96
384
29335
64207
64943
65039
64943
51980
19028
96
80
352
224
28486
65103
65327
65311
65007
46827
19172
96
256
192
96
28823
64383
65359
65119
65215
47595
15123
80
448
144
224
30887
65103
65279
65215
65311
48203
12723
208
176
96
4481
39273
65103
65039
64927
65327
50764
14947
176
128
176
7889
42746
65279
65215
65279
65183
43434
8274
320
384
528
6641
38361
65247
65295
65215
65343
42906
7425
448
384
480
8210
44170
64991
65343
65007
65327
36488
2864
448
448
80
12947
49228
65263
65055
65167
62767
30759
640
464
496
448
16452
52876
65183
64799
64815
63487
31367
160
144
304
352
19444
58142
65279
65279
65311
58350
27542
352
224
272
416
21029
56893
65247
65311
65215
55709
23413
192
128
224
64
27798
62015
65263
65311
65279
57678
21797
176
128
176
160
27638
64239
64911
65343
65327
53533
18612
224
336
416
288
29079
64943
65151
65231
65311
49596
15107
96
96
96
160
33272
65055
65343
65327
65311
53517
19764
592
160
528
448
32776
64847
65343
65311
65263
46763
13331
128
272
416
1024
32423
65183
65311
65279
65311
43738
8802
176
192
128
5985
39209
64783
65039
65359
65327
40921
5729
416
64
128
10210
44906
65327
65311
65103
65023
36616
3136
64
128
496
15747
51788
64847
65343
65167
64719
36168
560
192
384
176
15187
53597
65311
65263
65311
63039
29799
128
144
256
144
18484
55293
64911
65311
65119
59758
25430
144
304
352
304
18132
56925
65247
65295
65311
59486
23029
80
160
112
224
24389
60558
65311
65007
65087
58894
23509
208
144
128
256
24790
61855
65311
65247
65311
51404
18340
128
192
96
128
31559
64799
65039
64959
65039
51084
18020
80
192
144
320
29127
64191
65311
65183
64991
47851
12226
96
352
128
160
29735
65215
65327
65279
64911
45627
8786
224
432
448
4080
35736
65263
65215
65231
65279
46491
12050
384
480
400
1776
36152
65119
65247
65311
65359
43210
9570
128
192
368
9410
45099
64815
65343
65279
65087
36440
2592
448
544
240
10674
46859
65023
64959
64911
64991
32471
192
96
128
160
18228
54621
65039
64911
64943
61471
29111
304
0
432
96
20052
57341
65023
65119
65167
55997
27574
656
0
96
224
23797
56621
65343
65327
65199
58894
23893
512
160
80
160
22645
58862
65311
65247
65327
57053
25046
96
96
176
464
28679
65023
65183
65279
65103
54493
22213
352
192
288
176
26918
63279
65279
65247
64991
48619
15491
288
112
416
192
32599
64815
65023
65215
65311
46619
10050
256
144
64
608
36088
65215
65327
65327
65167
39737
6737
464
368
112
6593
39913
65311
65295
65247
65263
42826
8177
144
128
160
10690
42298
65311
65119
65215
65183
40345
5681
176
400
496
11650
43194
65247
64847
65103
65151
33912
224
208
96
432
11330
46731
65007
64975
65151
65135
35416
576
192
160
144
14243
50108
65247
65279
65167
64351
30279
80
192
96
160
17892
54301
64911
65215
65311
63791
32840
512
112
416
256
19172
56893
65215
65311
65247
59678
29607
96
160
96
96
23109
59550
65071
65023
65023
56253
24630
160
480
640
464
24598
60334
65327
65071
65071
55565
24021
96
96
224
224
26822
63695
65263
65247
65247
50076
18276
304
224
192
128
31319
65039
64911
65343
65279
47771
12323
304
176
480
4080
37945
65343
65327
65311
65327
43226
10514
224
272
272
6945
41962
65183
65247
65135
64927
39833
6113
208
160
128
10786
44826
65311
65183
65279
65231
35320
720
96
80
112
14515
49836
65039
65055
65359
65183
37641
1600
80
112
304
17044
53821
65343
65295
65343
61150
30423
144
256
288
320
21349
58782
65247
64911
64991
54941
22229
192
464
192
352
28310
64943
65247
65247
65135
49228
16900
192
176
128
352
33304
65279
65327
65295
64927
46731
11586
96
128
128
4993
38297
65295
64799
65039
65343
47611
15299
416
192
288
7553
38505
65039
64911
64911
65023
40745
8754
416
0
416
8962
40473
65263
65311
65263
65199
40009
5585
160
128
160
9234
43434
65311
65295
65231
65183
35816
1840
112
96
96
14547
51676
65183
65167
65311
62655
28614
272
192
176
96
20709
55837
65071
65311
65343
55005
25814
304
288
192
96
25414
61535
65279
65279
65327
51676
18692
464
400
304
816
36792
65279
65215
65263
65279
49308
17732
464
80
544
304
28502
64991
65167
65247
65327
47179
14259
96
80
176
5473
37769
64863
64959
65039
65327
46763
13475
208
160
128
5185
38377
65215
65183
65183
65167
40986
6657
304
320
480
5873
38249
65183
64959
65167
65343
42314
5857
336
384
336
7089
42954
65263
65231
65311
64911
35464
464
576
400
448
12291
47643
65327
65327
65215
65295
39673
2144
432
448
304
15491
48635
65327
65039
65295
65279
34872
160
144
192
128
18260
55837
65311
65247
65263
61887
28054
128
176
144
176
21141
57454
65359
65279
65263
58846
26726
160
96
144
208
21701
56461
64895
64911
65103
55645
23957
144
96
96
96
24565
61583
65279
65295
65311
54157
18964
192
128
144
144
31751
65103
65247
65247
65071
48587
14051
96
128
144
3120
32391
65167
65279
65263
65215
46299
13251
256
176
128
6593
37977
65007
64911
64975
65023
44042
9058
128
128
176
7393
42458
65183
65311
65311
65263
38297
2832
96
160
96
13379
47643
65215
64943
64879
64831
32471
576
192
352
384
15155
50316
65135
65039
65343
65183
33608
272
208
160
224
18324
53180
65183
65151
65311
59022
27446
224
384
272
352
19652
57918
65183
65311
65215
58334
29255
464
592
432
464
26518
65039
64927
65295
65279
50828
19588
96
128
176
128
28759
65039
64991
65295
64991
49644
16628
176
160
320
160
27606
63807
65279
65311
65247
49692
16275
416
320
592
128
31255
64815
65343
64783
64959
46187
11394
400
224
128
176
33544
65311
65263
65279
65327
46395
13331
512
304
256
4689
40153
65167
65039
65343
65343
42410
5921
528
592
256
8898
42250
65343
65343
65327
65311
39097
4529
480
528
528
8770
44938
65183
65279
65279
65311
36248
960
96
96
96
12435
46875
65119
65215
65199
64911
33432
192
480
336
480
16772
51452
64879
64879
65119
60334
27414
224
528
512
448
21285
57454
65311
65199
65247
59390
25446
304
128
96
272
23781
59790
65247
65199
65055
56829
26118
64
208
208
208
23221
59934
65135
65183
65119
56061
23493
176
208
144
176
22709
58590
65183
65183
65167
58478
27030
256
256
96
480
24630
61455
65215
64975
65055
49900
16980
192
0
224
96
28951
65183
65327
65327
65327
50284
16371
240
352
80
192
33368
64975
65039
65039
64943
47499
14483
224
480
208
272
35128
65199
65023
65167
65183
42906
8049
512
352
144
3264
40953
64879
65119
64783
64911
39049
1312
416
400
576
13859
51388
64831
64911
65183
64943
32535
224
176
128
96
18212
55853
65215
65311
65279
60702
28070
144
224
544
336
20485
57341
65343
65215
65183
58206
25078
192
160
160
144
24421
58574
65167
65263
65263
55789
25078
432
112
512
80
25174
62719
64959
65023
64959
54605
21269
352
128
256
192
29591
65327
65247
65103
65231
45771
12274
96
480
544
384
33784
65295
65295
65311
65247
45099
8338
320
432
432
6689
40377
65023
65183
65311
65215
41322
7361
448
480
80
11170
44810
64847
64863
64959
65327
35624
1616
80
128
288
12867
47787
64959
64991
65135
65055
33336
320
400
384
224
16516
53517
65343
65215
65215
64911
34840
528
288
208
144
16291
54109
65183
64783
65343
64495
30599
96
64
80
160
16195
51900
65311
65247
65295
65247
33048
128
208
256
224
18260
53917
65279
65199
64847
61919
26422
144
160
96
64
25094
62399
65183
65311
65295
56477
21781
256
192
144
144
27830
64991
65023
64863
65343
50172
15347
176
496
432
272
33368
65263
65279
65343
65327
40953
6481
320
144
176
8578
40905
65311
65343
65183
65279
38937
3440
160
144
192
10530
45931
64927
65087
65055
64959
35176
336
128
160
160
14627
51388
64911
65279
65311
65247
33656
224
192
144
176
15923
53405
64911
65039
64847
61727
28999
224
160
96
208
18964
52684
65263
65359
64959
62303
28646
176
160
144
96
19732
55501
65343
65183
65343
52060
20629
96
80
96
96
25590
60766
65263
65215
65231
50956
22149
560
416
64
560
27574
63551
65199
64863
65215
48411
14179
128
96
208
144
33896
65119
65279
65311
65183
45195
12883
320
192
128
2896
38425
64847
65007
65327
64991
45067
10306
352
528
464
592
34440
65343
65087
65215
65263
46267
8594
480
384
352
5153
41002
65215
64959
65215
65231
38089
3776
64
128
192
10482
44538
65215
65279
65231
65247
34328
1120
80
544
480
16211
48795
64911
65119
65039
65311
34776
576
384
80
176
17780
52828
65247
65215
65311
64991
31831
96
80
176
96
20581
56285
65343
65311
65247
59950
26198
64
96
304
176
22933
60766
65295
65087
65263
54765
18660
240
160
384
544
30391
65167
65151
65311
64783
46859
10658
128
128
112
4593
39737
65135
65087
65183
64911
45803
10322
80
304
208
4305
36568
65343
65023
65039
65327
39289
4193
272
144
96
6865
41530
65183
65279
65311
65279
40425
5313
448
352
80
13603
50332
65279
65247
65247
65103
35176
464
288
272
160
14835
50668
65327
65327
65167
65087
33592
400
96
224
304
17140
51708
65039
65039
64991
65247
31143
416
336
464
496
16211
52908
65279
65279
65199
61599
29495
432
432
352
368
20981
58238
64975
65247
65231
58926
24261
96
96
128
208
20693
58990
65135
65199
65343
58974
23797
544
512
80
432
24053
59678
65199
65327
64911
53341
21141
448
80
128
208
28006
63055
64943
64991
65231
50812
17172
352
224
80
256
26342
64927
65327
65023
65279
48939
18276
96
144
160
272
31175
65263
65343
65311
65327
52620
16612
128
176
208
144
31287
65263
65215
65263
65279
50172
14195
128
192
208
2080
36696
65311
65295
65279
65263
42090
6945
272
320
80
8033
44186
65119
65055
64815
65343
43530
6145
144
464
80
11826
44218
65215
65311
65247
65327
34664
320
96
160
112
14723
48955
65311
65327
65279
65327
33256
160
160
128
240
12499
49532
65311
65311
65343
63599
29287
288
224
128
96
16740
52044
65199
64911
64911
60766
25606
96
112
128
400
18884
57341
65071
64911
64911
56621
24501
112
128
96
80
29111
63839
65071
65215
65311
57341
23109
112
128
96
128
29271
64511
65279
64959
65295
53981
19748
0
368
384
176
28502
65055
65119
65311
64991
51756
16420
464
352
128
144
33336
65327
65215
65311
65311
48075
13539
512
160
80
224
36328
65327
65215
65327
65183
40953
7601
144
128
352
3760
39497
65167
65343
64975
65311
41530
6801
128
96
384
3344
40169
65327
65279
65311
65295
38857
1152
496
80
256
14547
46315
65087
65263
65311
65247
35880
160
112
128
128
8258
41818
65311
65311
65279
65135
32231
320
336
432
144
11554
50684
65343
65183
65327
65199
34200
128
144
128
96
12755
47947
65327
65311
65311
65215
35320
336
208
80
176
17892
58366
65279
65151
65247
57710
23605
208
336
208
128
26918
65055
65311
65311
64991
55341
20468
128
208
144
96
26982
63791
65279
65311
65311
53052
20148
208
224
656
2816
34072
65103
65135
65263
65311
50172
15123
160
192
272
3008
37577
64783
65343
65215
65231
46235
9202
96
128
224
9058
44458
64991
65167
65311
65247
41530
5009
176
128
224
8177
44826
65311
65311
65279
65263
34728
320
592
512
192
15555
51612
65247
64879
64991
64607
28438
464
272
320
64
22453
59262
65279
65279
65311
64207
29335
208
528
80
128
21525
58174
65279
65199
64975
62671
27878
96
144
96
80
23909
60542
65327
65311
65311
54765
18708
128
208
480
400
31639
65343
65215
65119
65039
46795
14339
64
144
160
5505
37977
65183
65279
65247
65279
45339
8386
144
160
480
3584
36424
65183
65055
64847
65343
44378
8466
144
160
144
7585
43850
65311
65279
65231
65263
39113
5601
240
160
144
9058
45739
65247
65055
64911
65343
39561
1616
272
128
240
11474
48555
65279
65151
65231
64799
29575
160
80
416
176
15811
52044
65119
65215
65215
63343
24982
336
592
240
128
21013
56861
65231
65279
65183
52924
21173
144
160
144
192
23733
59118
65279
65311
65311
58238
24277
320
304
320
224
23861
60414
64799
65087
65359
57774
22837
128
128
128
144
29719
65215
65311
65263
65295
52444
18068
96
176
192
3376
35016
65295
64927
64863
64911
47947
13779
64
80
80
4689
38825
65263
65327
65311
65039
42346
6113
432
448
272
2752
38889
65183
65279
64959
65167
43738
7473
256
512
80
5217
42890
65039
65343
65071
65119
38249
4080
112
96
128
11042
45403
65311
65247
65135
65215
40153
3936
192
80
192
14627
50924
65023
65103
65263
62895
31303
176
400
480
96
24037
59502
65279
65311
65183
56733
24485
432
304
208
176
24902
63263
64847
65007
65343
55293
20661
176
320
288
96
32039
65215
65279
65279
65311
46379
11282
96
112
128
1776
35720
65311
65039
65247
65327
40425
6625
208
480
80
11074
44698
65119
65343
65311
65263
42538
7857
288
128
208
8242
45563
65231
65327
65311
65279
34248
704
400
352
64
13011
49051
65279
65247
65199
63231
29687
176
256
384
64
14739
50108
65343
65311
65263
64415
31111
160
112
192
80
15123
51516
65247
65327
65231
62399
27718
128
80
416
320
19892
60078
65327
65023
64671
58382
23429
336
432
416
80
27382
62943
65279
65247
65183
54381
21605
160
208
384
96
28951
65199
65311
65231
64655
53277
15699
544
80
96
80
30471
65215
65247
64991
64847
49932
17748
144
128
208
80
29575
64767
65263
65327
65311
46859
10242
304
416
224
96
33800
65103
65183
65311
65311
43866
8498
176
176
112
9858
45883
64959
65151
65247
65007
42890
5825
160
448
448
12995
47963
65151
64863
64927
65343
37321
704
80
288
384
12563
49580
65039
65343
65055
65199
36472
384
480
64
112
17812
53805
65215
65327
65311
57646
25926
416
416
416
336
19684
56637
65263
65039
64911
58270
24565
304
592
96
144
26070
62655
65183
65199
65167
58814
24261
224
96
144
208
22053
56989
65343
65039
65343
56589
23301
320
256
400
400
28038
63759
64911
65343
65311
52028
17668
208
368
352
80
31767
65167
65279
65279
65279
48507
15075
320
464
448
528
35384
65279
65183
65183
65311
48315
12515
288
144
192
1024
35672
65279
65231
65311
65135
45963
10706
80
144
160
5313
41546
64799
65343
65327
65263
40393
4625
192
320
224
7601
43514
65231
65311
65263
65087
37801
208
480
256
272
8177
43706
64975
65343
65199
65135
34520
208
400
144
80
12002
48331
65247
65327
65263
65231
35160
272
304
176
544
15411
53132
64991
64959
65215
60910
28695
496
304
432
432
19284
57726
65087
65215
65311
59294
27814
288
128
176
96
25254
60414
65279
65295
65247
57822
25814
160
144
128
272
24902
59182
65167
65007
64911
55053
21109
512
528
464
256
26518
62863
65215
65327
65183
48939
16772
192
96
128
160
31799
65247
65279
65247
64799
51900
16836
160
176
160
592
30903
65183
65327
65343
65263
49180
13667
176
400
432
432
34520
65311
65167
65215
65247
42330
8001
400
480
320
9650
46523
65055
65183
64927
65023
36072
2000
144
256
192
10930
50764
64911
65039
65343
65279
35352
416
416
496
80
12963
50636
65279
65119
64783
65247
31719
160
96
96
144
19940
57566
65055
65103
64847
58174
28166
416
448
416
544
22613
59326
65343
65295
65311
58878
27206
80
224
176
208
23349
61278
65263
65279
65247
56413
22069
240
544
80
128
27638
65023
64783
65039
65327
49516
15443
432
400
256
144
31911
65039
65119
65263
65199
43322
12963
448
144
480
2624
40233
64911
65039
65343
65183
42010
10258
64
384
400
10594
45771
65311
65247
65215
65119
39625
2592
112
288
368
13187
47099
65183
64975
65295
65279
34728
256
336
384
224
12643
49276
65135
64879
65151
62975
29223
256
224
112
304
16291
54621
64895
65167
64943
57934
23429
64
80
96
192
25094
61342
65343
65167
65247
56029
20981
144
96
192
96
31015
65215
65167
65327
65327
47499
14339
272
112
112
112
34136
65311
65263
65311
65247
44282
11442
80
272
96
6273
40121
64911
65231
65263
64943
40777
2224
160
128
256
8177
42394
65055
64975
65343
65215
36760
2560
80
384
272
12739
47915
65279
65279
65263
65247
33752
224
144
208
288
12419
51660
64943
64975
65039
64799
30743
16
80
272
80
18212
55901
65311
65263
65327
63423
30375
160
448
64
128
21253
56877
65279
65263
65215
63951
26518
80
80
128
176
27846
61214
65327
65327
65327
57005
21509
176
112
112
96
26214
63487
65263
65279
65311
50748
17828
432
192
144
240
32215
65119
65247
65231
65215
47211
10370
64
96
304
176
31447
65247
65279
65311
65279
46843
10898
144
80
96
96
33960
65215
65215
65279
65311
45883
11042
96
96
96
4321
36696
65311
65327
65103
65247
44442
10706
544
64
576
4433
36072
64863
65151
65199
65311
43594
7233
288
224
448
3440
40585
65215
65263
65231
65247
39625
4113
288
160
336
11218
43914
64783
65327
65247
65311
37273
1408
176
416
512
10258
46651
65199
65311
65247
65311
36296
2656
240
96
80
11154
47259
65311
65183
65311
65215
34008
192
448
80
144
19956
55469
65247
65311
65183
62591
30919
256
96
96
128
24758
61438
65215
65215
65247
57021
23893
112
304
512
448
25766
63647
65263
65247
65279
49115
15715
416
528
400
384
30215
65103
65279
65311
65327
46619
13299
400
80
112
2800
36616
65183
65215
65263
65279
44314
10754
144
208
64
8770
43050
65279
65151
65215
65135
42826
8274
208
304
320
6721
39433
64959
64991
65039
65311
40905
6209
384
80
144
9154
43802
65247
65135
64975
64783
39577
3120
320
208
160
9010
44058
65311
65263
65087
64943
41226
5841
432
384
160
9154
45515
65263
65311
65183
64799
38089
5169
128
144
416
11826
45259
65279
65311
65327
65247
37129
576
272
480
80
13907
50188
64783
64959
64911
64015
29879
336
304
160
224
17316
54621
65215
65295
65167
58286
25702
160
128
128
160
22597
60974
65311
65151
65215
57341
24181
288
544
544
304
21541
58078
65135
65055
65119
53789
19988
128
128
96
176
25654
63855
65295
65263
65215
50140
16355
176
560
544
80
31607
65183
65039
65343
64991
48939
15923
160
96
192
144
30279
65007
65183
65247
65215
46571
13507
160
416
192
224
35656
65247
65215
65263
65311
43610
8177
144
96
128
288
34968
64911
64991
65039
65135
40409
4161
160
128
208
7265
44538
65039
64911
64911
64847
35896
576
176
128
160
12291
47755
65231
65135
65023
64975
32647
32
240
160
208
19652
55197
65263
65247
65087
64847
33624
128
96
96
160
25430
61535
65247
65119
65327
55197
22069
144
160
160
144
25798
64559
65167
65151
65087
51100
18260
256
176
80
176
34616
65247
65295
65247
65215
49628
14787
208
96
80
752
35416
65247
65311
65311
65247
45387
13347
256
256
256
5329
40857
65327
65247
65279
65311
39449
1952
384
304
208
11122
44538
64687
64911
65247
65311
33352
400
368
288
112
12178
48331
65295
65199
65215
65103
33432
208
192
224
224
16564
52380
65311
65263
64815
64943
33160
304
448
400
432
16035
55405
65311
65279
64959
64783
29591
192
208
304
528
18356
55101
65087
65263
65055
62431
27158
176
128
272
464
25062
59678
64815
65343
65119
56861
27158
384
480
464
368
24726
59774
65023
64799
65295
55869
19108
128
320
208
144
28166
65023
65263
65007
65183
50236
17892
208
448
80
192
32856
65215
65279
65183
65055
51612
16500
240
256
272
704
34152
65055
65183
65263
65087
45387
9986
224
208
384
3344
36296
65327
65263
65231
64927
42042
10274
144
144
128
4689
39065
65247
65295
65311
65263
42058
6273
208
160
112
10530
44602
65231
65263
65311
65311
36760
1200
192
144
224
14819
50892
65263
65103
65343
65087
33240
544
336
144
96
20933
59246
64991
65343
65199
63727
29399
240
496
0
160
20052
54365
64959
65135
65119
62399
25910
96
256
160
128
24726
62063
65279
65247
65215
54285
20773
80
352
480
416
25526
62895
65039
64911
65039
51900
19028
96
128
160
128
28582
64879
65039
65295
64847
49644
17076
160
144
96
144
29735
64479
65103
64991
64959
50316
14547
192
80
96
416
31671
64799
64783
64671
64863
48603
11826
96
96
288
6977
38185
64863
65087
65039
65327
44090
9410
320
192
128
6161
40393
65215
65167
65215
65119
41562
6449
96
128
208
7457
44554
65023
65151
65071
64911
42378
6657
320
256
288
6401
39753
65215
65311
65055
65039
37593
1424
80
176
176
9282
44634
64783
65039
65327
65311
37417
2016
256
208
160
9202
46923
65087
65343
65343
65311
35256
480
208
368
80
12771
49548
65087
65215
65311
63119
30007
272
544
64
336
17716
53933
65295
65263
65311
64367
28598
160
176
192
128
21973
61086
65279
65343
65343
59582
28310
192
208
336
96
25574
60878
65327
65327
64847
53357
17764
224
208
416
0
29367
65215
65311
65295
65311
48635
16179
128
192
448
560
31239
64815
64975
65327
65279
49724
15907
224
288
320
320
32647
65023
65183
65183
65311
50204
13843
192
80
448
128
32808
65311
65311
65311
65359
47419
11778
224
112
96
3248
36248
64927
64911
65247
65247
45627
10850
480
576
432
6529
42506
65167
65327
65295
65055
37625
2240
176
80
256
8450
45563
64783
64863
64975
64959
33352
176
128
160
240
14099
48955
65311
65247
65135
63231
28919
256
256
208
144
20613
57341
65119
65311
65231
60990
30935
416
464
304
224
21781
57534
65215
65215
64959
65087
27078
112
176
128
288
28246
64159
65247
64911
64847
53261
17252
432
96
592
432
30903
64863
65039
65231
65023
46811
15763
0
96
144
96
31239
64847
65087
65279
65311
41114
6465
256
176
416
848
35832
65247
65311
65279
65263
42218
6609
416
448
256
3920
41770
65311
65327
65311
65279
42122
7041
224
144
80
6545
41770
65343
65279
65279
65279
37881
1248
160
224
352
11474
47579
65311
65247
65311
64927
35048
784
272
560
288
14659
49115
65039
65007
65039
65231
31799
400
48
512
480
18180
51356
65279
65311
65231
64607
31959
208
160
128
144
19716
57005
65343
65279
65279
61006
25030
160
288
416
176
22965
59182
65071
65023
65183
55261
22469
128
304
208
592
31431
64863
65167
65039
65087
50156
18836
96
464
288
128
26918
60990
65039
65103
65247
51004
17364
480
480
128
96
27366
62479
65343
65311
65311
54877
21205
128
128
176
448
31783
64783
64911
64783
64847
51164
17460
176
416
272
160
31111
64927
65215
65215
65311
49916
13779
192
160
272
2128
39945
64959
65343
65327
65311
46283
11826
80
144
160
8962
38825
65087
65135
65119
65279
41978
9010
112
160
144
2128
36520
64879
65039
65343
65343
45723
10002
464
288
192
5793
41242
65215
65215
65247
65087
41274
3600
192
96
192
7217
41274
65279
65087
64943
65391
42426
6017
336
112
96
9954
44506
65279
65279
65263
65199
42442
5825
96
128
192
8658
41690
65327
65327
65039
64991
34968
672
80
144
208
12387
46683
65279
65263
65311
65007
36808
320
352
176
128
13075
49692
65327
65343
65311
62047
28662
176
160
176
416
21957
57550
65167
65215
65311
53437
19956
64
96
416
272
23637
59758
65311
65359
65279
52204
20340
96
128
416
272
30359
65135
65215
64863
64847
45131
14003
240
160
144
224
34488
65279
65215
65151
65119
42202
10034
80
80
96
960
35976
64927
65343
65119
64911
43658
7105
160
176
96
9986
45018
64863
65023
65007
64783
35400
192
144
512
512
12675
47899
65055
65247
65311
65087
36216
592
448
528
304
14547
51692
64991
65071
65071
65327
36440
432
144
192
336
17460
51212
65119
65279
65311
65135
35928
464
480
480
16
18340
53212
65279
65247
65247
61663
28422
144
80
128
128
20885
58590
65311
65295
65119
54589
22277
256
80
464
320
19300
57341
65247
65247
65311
56317
21301
272
160
176
192
29879
65167
65167
65103
65247
51068
17204
80
160
160
208
35240
65231
65055
65023
64799
51900
17460
128
272
128
1664
35848
65343
65279
64943
65055
45115
10578
224
160
400
368
35496
65263
65119
64847
65151
45739
13331
64
96
176
5681
37417
65359
64911
64783
65039
39417
5425
304
224
224
4769
39769
65263
65247
65199
65311
37289
4417
144
224
544
8242
43066
65199
65263
65279
65183
37913
2352
128
144
112
12819
45707
65151
65279
65215
65327
33240
80
416
208
128
14931
53869
64959
64911
64879
64847
29671
80
80
80
288
17380
53725
65343
65247
65279
58398
27334
224
128
416
80
20452
55773
65247
65311
65279
57758
25478
288
496
464
384
25014
59934
64927
65039
65247
54077
22373
192
144
144
144
25622
63711
65231
65311
65311
54717
20212
192
160
128
192
31207
65311
65183
65087
65151
48731
15091
160
176
176
3712
35416
65263
65247
65311
65311
46043
11058
352
144
256
6673
43946
65167
64911
65343
65311
41258
4961
192
160
336
6945
42714
65327
65247
65055
65183
38809
3376
128
256
352
12995
50492
65215
65263
65311
65183
32311
512
64
96
160
15523
53132
65263
65311
65327
63071
28630
160
80
144
96
21461
59390
65215
65039
65311
63407
28086
608
352
592
80
24565
62719
65119
65263
65231
57053
24005
96
160
208
176
25270
62399
65199
65119
65199
50908
19108
176
160
128
176
28374
65007
65311
65167
64943
51740
16644
128
192
160
320
35992
65023
65055
65247
65311
43418
7889
128
176
304
10626
42778
64991
64911
65327
65295
39097
3632
352
272
80
9922
47419
65311
65247
65311
65311
38553
4529
416
624
576
12082
48827
65327
65311
65343
65215
34168
448
96
128
128
17108
53277
65311
65311
65279
61374
29655
464
256
176
352
20997
55597
65199
65263
65215
60926
29079
128
192
176
96
20869
56333
65311
65279
65295
57390
26678
192
96
448
256
18244
54877
64911
65183
65311
55661
25286
64
160
272
368
27446
62879
65071
65023
65055
56861
23093
128
144
272
160
26502
61406
65247
65119
65263
52732
20020
256
352
480
480
27414
64863
64943
64815
65343
52780
16804
160
192
176
256
33096
65103
65343
65311
65247
49836
14803
176
432
480
1952
35816
65119
65215
65071
65135
44410
10642
128
224
96
4481
38713
65263
65311
65263
65327
40345
5041
512
192
160
5153
37913
65359
65215
65327
65311
39193
3648
288
160
96
6241
43034
64863
65279
65327
65119
34328
256
528
320
160
10626
45499
65023
64991
65055
65215
37945
1840
80
176
128
17668
55053
64655
65359
64991
61615
28358
160
128
96
256
23445
59198
65023
65215
65119
57614
24549
176
144
176
144
24982
60958
64975
65295
64847
53309
18516
320
416
224
112
30983
64831
65279
65247
65279
47307
13235
416
64
128
304
31527
64911
64879
65151
65215
47659
13363
96
96
96
624
35896
65119
65279
65215
65039
43818
8722
80
96
128
7633
42058
65279
65279
65311
65311
43226
8434
176
144
224
6913
40345
65311
65231
65279
65247
38697
3280
80
256
160
7201
41914
64879
65055
65167
64959
37769
3376
480
224
144
7345
42954
65183
64975
65343
65311
40057
2384
128
96
128
7889
41290
65263
65327
64863
65343
41738
3536
128
272
496
13523
46155
65119
65215
65119
64975
33848
432
96
160
368
18996
55293
64783
65055
64959
65199
31927
160
128
128
128
23685
58558
65311
65151
65055
56509
27142
528
464
512
272
23845
63071
65247
65311
65263
54205
19028
448
128
288
176
24565
61775
65279
65119
65023
55629
20485
464
64
496
224
28502
65167
64863
65087
65039
51276
15939
192
144
208
672
34408
64863
65343
65311
65279
45034
14899
112
288
576
5233
41930
65199
65247
65311
65279
44186
10242
288
144
400
6497
40105
65071
64927
65007
64991
37129
800
176
96
80
5265
41946
65023
65103
64911
65167
40457
3856
176
432
64
15187
49516
65023
65215
65215
65103
29751
80
240
448
96
20661
55117
65311
64783
64991
59982
23269
144
96
112
96
17300
54429
65279
65247
65023
58302
26630
400
144
80
272
18852
56477
65231
65247
65295
60526
25654
160
128
208
384
26118
63135
65311
65199
65231
54781
22197
160
96
208
544
28646
65007
65311
65279
65279
52188
17572
352
560
512
1952
36664
65279
65295
65247
64943
47931
13011
192
96
96
3296
35944
65311
65231
64911
65119
42250
3792
192
128
128
7601
43834
65151
65071
65231
65231
36200
3200
80
96
288
10386
43962
65279
65279
65151
65215
37209
1376
400
464
80
12947
48347
65263
65199
65183
65087
34872
1584
128
192
176
13843
48187
65215
64911
64783
64847
34184
160
144
112
128
13955
48475
65183
65055
64927
64783
34056
320
192
144
208
14003
50764
65327
65343
65343
64047
29367
144
144
160
160
20757
55949
65087
64799
64847
61198
25878
544
480
448
432
19940
61278
65327
65135
65247
59294
25110
128
144
224
96
28070
65039
65359
65327
65343
55853
23173
128
176
128
192
33256
65167
65231
65295
65279
50252
19076
80
288
288
192
34472
65295
65247
65135
65183
43354
10082
592
144
96
6257
38425
65311
65263
65279
65279
40953
5697
112
256
480
6641
42186
65311
65071
65247
65279
40025
4417
96
192
128
4961
39737
65279
65199
64847
64959
40713
6561
160
128
272
11634
46139
65279
65247
64991
65055
38441
1920
320
192
96
10626
48411
65343
65311
65263
65279
34264
2080
560
640
80
16964
51068
65343
65215
65327
64575
34008
416
208
144
208
18452
57550
64879
65087
65359
58894
26886
480
464
352
192
19812
57181
65359
65183
65039
64911
28326
80
144
160
352
22117
59422
65055
65119
65135
54941
22549
144
128
208
432
24918
61182
65183
65311
65135
57325
22165
208
208
528
448
25094
62735
65023
65039
65023
51004
16227
288
256
240
272
30295
65359
65279
65311
65215
49484
14867
128
96
192
752
35752
65263
65215
65183
65007
48443
11314
160
272
384
5585
38217
65199
64991
64847
64975
42026
6785
384
128
176
14499
50988
65231
65215
65279
65231
34120
192
224
400
400
12194
47611
65247
64879
65007
64831
31095
160
160
128
256
15155
50572
64991
65007
64927
65343
34600
288
432
240
128
18084
54733
65215
65247
65279
63647
30807
272
448
352
480
17236
54157
65279
65119
64943
63391
28727
288
208
128
272
21845
58670
65103
65023
65103
55613
22357
224
400
64
128
28598
64799
65311
65279
65279
50652
15971
256
416
432
464
27958
64527
65183
65311
65327
43562
11666
288
96
448
832
33576
65231
65279
65135
65199
45179
9618
128
272
256
2848
39481
65055
65247
65311
65151
40601
6369
272
80
128
11554
44058
65263
65327
65087
65007
41354
5553
304
432
464
14691
50780
64863
64959
65343
65311
36120
1664
80
272
176
9010
43066
65311
64991
65247
64287
30071
352
80
96
128
14051
49196
65311
65119
64991
63375
28871
144
208
208
112
20517
57566
65247
65167
64975
60078
25478
288
176
80
432
18996
54365
65343
65023
65215
57341
24117
352
384
464
576
21525
58334
64991
64927
65023
59166
25366
80
432
528
336
21797
58654
65311
65311
65327
56349
22949
160
176
528
144
24614
62607
64991
64879
64975
55309
19940
288
80
192
272
26950
64511
65215
65247
65311
53244
17092
256
192
256
128
33736
64975
64847
65103
64911
47947
13235
304
272
128
416
34824
65247
65343
65167
65151
46491
10834
80
80
144
4609
37817
64783
65039
65055
65295
46283
9266
128
224
160
6017
40681
65247
65263
65055
65055
39961
3664
304
208
544
14611
48779
64863
64783
64911
64911
33816
112
256
176
192
14771
55261
65311
65231
65247
64671
32904
96
128
496
320
19636
56157
64927
64991
64815
61455
28438
96
224
240
592
23509
61807
65279
65279
65311
57502
23813
272
96
96
144
29927
64991
65023
65183
65311
52124
16948
176
144
160
96
31911
65215
64735
64943
65327
49035
12739
192
304
112
400
33944
65215
65327
65327
64927
43770
9954
128
176
128
976
34888
65311
65151
64943
65167
45867
10162
80
224
464
2032
38201
65135
65231
65311
65263
41290
8242
80
80
416
4353
41082
65311
65263
65295
65279
37129
2864
256
320
432
10642
51036
64911
65151
65279
64991
32856
176
176
176
128
18996
56317
65183
65279
65247
62271
28118
208
160
160
208
19492
54813
65103
64847
65071
59822
28759
176
160
208
512
21317
56301
65247
64991
64991
59390
26166
432
208
144
304
24886
59614
64783
65343
65311
59582
27942
400
304
208
224
24373
61246
65151
65199
65279
55229
21765
128
144
160
128
29255
64847
65087
64911
65167
49356
14035
208
96
160
144
34248
65215
65263
65183
65279
48155
15299
304
160
256
3072
39017
64911
65039
64783
65327
47339
10594
176
128
160
6337
41338
65311
65231
65247
65279
44234
11074
416
80
96
8786
42458
65263
65263
65327
65039
38073
5009
128
96
112
7505
41818
65071
65247
65215
64943
38425
2368
128
96
192
9794
42970
64863
64863
65247
65199
34008
224
336
224
480
14227
51244
65311
65215
65263
64959
30055
352
192
96
144
20148
57598
65327
65327
65263
58286
26886
400
656
448
448
23253
61567
64911
64847
65343
57534
20533
160
208
176
432
30471
65119
65343
65263
65279
51708
14691
144
80
96
288
30263
65023
64895
65295
65039
49548
15843
592
80
256
240
34216
65359
65311
65119
64927
49180
13251
240
272
416
560
36856
65199
65279
65023
65263
42378
6993
128
80
224
832
36776
65215
65327
65295
65023
39209
4433
160
352
416
4305
39017
65247
65311
65279
65215
39609
1024
352
144
80
15171
49115
65135
65247
65327
65247
35320
448
176
128
192
14691
50284
65247
65183
65055
64783
38537
624
128
176
128
16596
53325
65327
65087
65279
59294
24565
400
272
144
128
22581
57341
65327
65327
65039
55773
24325
400
320
288
208
22373
61198
65263
65039
65103
52316
18116
128
96
128
192
31031
65167
64655
65343
65327
52012
17716
256
480
432
560
34696
65039
64911
65087
65311
46795
10194
176
64
336
272
38169
65295
65215
65183
65247
42666
8850
160
144
240
7009
40185
64911
64959
65039
65023
38649
4241
144
160
224
7665
44234
65327
65263
65343
64911
39689
4209
208
416
528
11570
48987
65247
65119
65167
64991
40841
7073
336
176
176
8177
45147
65359
65119
65231
65039
31719
160
112
112
80
19252
55133
65311
65279
65311
62479
27110
192
192
128
128
19540
56973
64975
64991
65311
53901
21269
384
496
448
288
26150
63647
64959
65055
64783
52268
20661
80
80
80
112
29239
64863
65071
65151
65263
50844
14803
160
96
224
144
30599
65087
65327
65311
65311
45899
8978
528
288
176
160
33912
65247
65247
65311
65279
44282
7057
176
160
128
7297
40265
64847
65167
65087
65215
43818
8226
448
64
80
11170
47483
65183
64943
65343
65087
38473
2736
64
256
144
18852
51932
64975
65167
65039
65295
35560
528
128
128
144
20004
55261
65311
65311
65183
59806
25222
256
304
432
64
22869
58622
65279
65247
65279
59390
27286
448
64
144
128
22469
56669
65231
65087
65023
59246
25286
512
80
96
432
28614
64015
65343
65231
65311
52476
18212
368
480
496
1968
35608
65263
65215
65311
65199
46651
12258
160
96
208
8370
40281
65279
65279
65311
65247
42314
6433
256
240
352
7057
43962
65215
65087
65199
65087
38041
3888
544
528
416
9362
46891
65247
64991
65327
65215
37641
3712
208
208
256
9394
44410
65151
65119
65199
65071
33464
1168
432
80
224
10370
45867
65327
65279
65311
65279
32872
224
208
128
128
16516
52796
65087
65087
65343
64143
30471
96
96
512
352
14595
51452
64959
64975
65039
61471
28342
96
192
144
256
21269
57454
65231
65183
65119
61727
24918
400
544
528
544
20212
55293
65263
65119
65263
56349
22853
224
240
96
128
22357
57117
65311
64895
65183
51932
17588
352
160
336
208
27750
64447
64959
65055
65167
54429
19348
256
480
336
1056
34696
64911
65343
65279
65247
44858
10546
336
384
256
4193
41994
64783
65007
64943
65327
40857
5841
144
160
144
8546
46507
64991
65199
65311
65311
38649
3120
128
80
320
6961
42490
64959
65023
65279
65279
40761
3200
128
304
224
10690
45259
64975
65023
64783
64911
36985
1696
160
208
256
13363
48491
65327
65279
65215
65007
30951
336
288
256
288
19156
57293
65311
65279
65295
64303
29463
128
176
256
304
18532
57598
65247
64847
64959
61134
26710
112
336
464
320
23317
61887
64783
65327
65215
54701
21301
480
352
544
176
28070
64271
65311
65215
65167
53741
20901
416
160
80
208
31559
65183
65311
65311
65087
51212
15715
128
80
256
608
30455
65135
65247
65279
65247
49115
14227
128
128
176
176
34904
65279
65215
65231
65311
46587
12387
96
128
160
208
34616
65215
64863
64799
64911
43290
9666
336
352
80
7617
42282
65087
64911
65343
65231
42218
4913
160
464
544
7985
42762
65135
65167
65311
64927
36456
672
416
128
176
10738
45034
64991
65279
65311
65183
34520
800
80
80
160
15187
51532
64959
65231
65311
65087
33944
368
608
432
352
19748
56269
65231
64847
65359
61326
27078
544
432
64
96
19460
57502
64959
65359
64991
57982
26054
416
256
128
96
22197
58926
65087
65119
65343
57341
21765
160
160
96
144
28198
64031
64815
65039
65087
50172
15011
192
160
224
144
29415
65087
65295
65263
65247
46939
12082
512
64
80
3456
37257
65327
65311
65215
65263
43770
11362
80
80
80
7697
40953
65151
64911
65327
64959
41018
3776
656
144
464
11746
45227
65071
65215
65215
65279
36568
1712
192
496
384
12114
47835
64847
64815
65039
64831
32023
496
448
80
128
16820
53421
65263
65247
65247
60638
29127
432
416
256
240
23189
59342
65327
65263
65279
59998
25782
128
128
160
144
26310
64687
65167
65279
65263
54749
20789
432
304
352
192
27382
64863
65263
65183
65279
52492
17876
208
144
208
128
30647
64591
65023
64815
65295
51644
16404
176
160
128
1232
35544
65311
65215
65279
65327
41914
7281
288
272
176
560
36584
64847
65119
65247
65151
44954
8450
288
336
416
1280
39817
65327
65279
65279
65119
42810
5201
288
192
128
6497
40953
65311
65311
65039
65295
37529
4833
80
176
272
8434
42922
64991
65023
64879
65343
39513
5553
80
192
160
12931
49948
64975
64927
65295
65311
33128
272
176
0
64
17988
51612
65295
65183
65183
63487
32199
176
432
448
352
17604
55037
65183
65343
65327
65103
30119
384
80
64
224
15939
53036
65119
65023
64831
63503
27046
432
64
96
320
17748
53164
65151
65231
65311
60126
27158
640
80
96
128
23797
60446
64911
64847
65055
54077
21205
144
128
336
256
25366
62431
64959
64943
65327
54077
18708
144
544
288
432
30663
63871
65311
65343
65311
52220
20116
560
352
80
304
35032
65215
65215
65087
65039
49836
15507
192
192
224
176
33720
64943
65343
65295
65215
45211
11826
128
224
176
3904
37257
64783
65151
65295
65327
40553
4193
160
144
256
8850
44330
65311
65247
65215
65247
36344
224
96
224
336
12563
49516
64879
64847
65327
65199
31047
176
176
288
64
20036
55069
65151
64927
64911
60430
28086
544
464
544
480
18788
53949
65039
65327
65327
63231
28262
256
176
160
208
23573
57854
65167
65215
65279
56877
23285
272
304
448
368
27590
64751
65247
65215
65311
55901
20645
432
80
272
128
32311
65039
64975
64959
64831
49164
14931
128
592
32
2384
36168
65087
65071
65327
65311
44682
9202
448
80
128
4080
40153
65343
65215
65087
64959
40137
5137
112
160
96
7201
41066
65231
65263
65263
65279
38969
3296
144
288
352
9474
44042
65039
65311
65215
65263
35768
608
160
592
416
11650
48587
64799
65343
65311
65279
34920
704
192
400
80
14739
50396
64975
65103
65215
65103
32856
192
416
288
160
13779
51356
65279
65247
65311
64991
31415
128
192
128
144
20068
57358
64911
65007
65327
56781
23765
96
80
96
128
23317
58366
65311
65327
65327
58574
25702
224
416
80
592
27574
64639
65279
65247
65023
55773
23525
96
192
112
176
29559
65167
65311
65311
65311
51644
16003
464
544
480
1376
35592
64863
64943
65343
65311
45819
9330
288
480
80
5297
38921
65215
65215
65087
65183
40025
3392
224
208
160
6449
43882
65199
64911
64783
65359
36488
1792
80
288
224
10466
44522
65247
65311
65263
65279
38729
3392
128
80
128
9874
47435
65007
64815
65279
64783
36616
2784
96
128
144
14179
46907
64959
65039
65119
65279
35832
2272
544
560
432
16035
50028
65359
65311
65215
64767
30999
160
208
496
64
18788
54813
65311
65183
65039
62991
26054
176
96
112
224
19076
56589
65135
65327
65279
51580
23333
128
288
176
96
27046
63711
64943
65055
65103
51756
18340
320
192
208
448
34568
65183
65279
65247
65279
47931
11682
192
384
80
992
35768
65183
65215
65007
64911
43018
10802
128
144
112
5777
39449
64975
65343
65311
65119
37689
3360
272
352
416
6401
46043
65343
64911
65023
65039
41706
5697
192
144
144
11058
48427
65247
65295
65215
65135
35144
352
144
256
416
13171
49916
65007
64927
64911
65247
31575
80
176
128
160
16740
52380
64959
64863
65327
64479
29239
288
320
208
208
20388
56653
65343
65327
65279
59678
26806
80
592
304
352
22101
61471
65231
65311
65279
58926
26454
416
480
64
320
24229
59630
64991
64783
64927
55053
23541
304
544
80
192
27862
62815
65055
65199
65231
53933
21141
416
416
464
80
27894
65183
65263
65247
65279
50364
17172
288
432
384
288
33848
65327
65103
65055
64847
43242
9554
80
144
144
3904
39833
65247
65199
65215
65215
42634
7761
432
544
528
3472
39913
65263
65183
65055
65039
43866
8514
96
304
416
6113
42650
65279
65279
65311
65279
39321
5089
96
128
128
11410
44890
65311
65279
65247
65007
35160
208
272
96
128
8498
42330
65023
65087
65247
65247
34360
480
144
128
304
13267
47819
65343
65279
65247
65103
32263
176
256
544
64
18596
53132
65311
65279
65247
64751
30055
224
448
80
144
17508
53212
65247
65311
65311
61935
30519
144
0
432
320
18964
56989
65183
65119
65007
60302
25158
160
80
96
144
26726
62783
65279
65247
65135
57358
22677
416
96
192
176
26582
62495
65087
65055
64975
49900
15539
272
400
240
96
29207
64815
64847
64975
65343
50236
14099
144
128
112
160
33352
65295
65327
65311
65327
41930
8626
96
96
128
8242
41626
65247
65279
65215
65167
40665
5825
128
144
128
11186
44602
65151
64943
65343
65327
40089
4401
496
96
224
9618
45419
64959
65343
65279
65183
36312
576
224
640
352
11426
46555
65135
65135
65247
65183
34200
224
144
160
128
13667
49436
65215
65183
65311
61535
27926
208
224
512
96
17284
56493
65311
65151
65023
62719
26358
208
304
128
400
28390
65055
65231
65311
65055
55133
23685
176
528
256
192
27238
65087
65199
65279
65279
49596
15619
208
160
272
704
32599
65215
65215
65311
65311
49484
12675
176
256
160
432
36632
65183
65087
64943
65343
45050
9026
112
144
272
4913
38889
64975
64991
64927
64959
41930
6465
416
384
80
10114
43754
65263
65151
65023
65183
40265
3328
464
512
512
10754
45739
65343
65327
65199
65279
34584
1088
352
224
448
12323
47147
65215
65279
65327
65247
32151
96
256
400
512
17700
54925
65311
65215
65119
64431
28727
96
96
432
80
20885
57293
64911
65343
65279
62415
26646
208
528
400
320
25094
60270
65263
65279
65279
55709
21125
176
224
144
416
27238
64799
65279
65311
65311
50060
13571
160
80
320
176
31015
65263
65007
65039
65295
45707
12194
160
128
256
2208
36248
65295
64911
64927
64783
47387
13411
240
208
160
6881
39593
64943
64991
65055
64911
46987
11218
528
64
96
5809
37721
65311
65247
65327
65311
41882
8434
128
96
352
5633
40457
65119
64943
64863
64959
40457
6369
464
128
96
10386
44282
65215
65279
65183
64783
37897
1984
80
208
288
10066
45339
64895
64991
64975
65295
35672
208
160
320
336
12787
50156
65087
65135
65343
62623
32167
288
160
80
448
16804
53821
65343
65023
65183
58014
26358
288
144
160
160
22213
59694
65023
64927
64911
60814
26806
80
80
352
480
25494
61967
64911
64943
65343
55693
21141
80
80
96
112
28342
64559
64911
65359
65359
49948
19764
128
128
144
128
27862
65135
65247
65247
65247
49980
14787
208
176
144
128
29751
65247
65311
65215
64831
53036
17924
448
64
224
160
32423
65183
65279
65279
65023
49115
16772
480
448
496
256
31815
65343
65295
65199
65183
46411
14147
464
208
160
3248
35256
65263
65055
65135
65327
44538
8194
336
144
96
560
34904
65295
65055
65183
65327
41402
6033
96
96
304
4481
38281
65343
65279
65247
65247
40729
6081
128
80
80
3040
43322
65279
65247
65279
65311
35768
272
96
64
208
11522
50540
64991
64799
65039
65007
34824
624
304
208
128
18116
53533
65215
65247
64959
65311
32295
256
464
240
304
20869
55373
65263
65247
65279
62127
27990
144
128
160
128
21333
56909
65247
65279
65183
58366
24742
480
400
64
208
25446
60446
65119
65183
65055
53116
22021
464
608
416
512
26678
64319
65055
65343
65103
51452
17028
288
480
512
224
32151
65279
64927
65343
64911
44602
10626
432
160
656
6609
42058
65327
65215
65039
64783
43018
5553
512
480
80
8129
41386
65327
65183
65263
65279
41642
6097
400
64
144
8450
43066
65343
65311
65279
65023
38425
1616
160
496
480
11906
48155
65039
65327
65311
65199
33672
128
208
112
208
11682
49131
65279
65327
65183
63919
28118
160
176
304
144
17924
54445
65279
65279
65247
58910
24998
192
176
224
224
22549
58558
65215
65183
64783
60126
23269
80
208
256
128
26822
64063
65247
65183
65247
52892
21045
192
320
544
160
31383
64863
65247
65279
65231
55325
20244
144
144
528
384
29511
65087
65231
65199
65023
47499
13331
384
304
352
528
33352
65039
65359
65327
65119
46171
9858
80
224
432
432
34280
64815
65247
65343
65183
39913
4657
80
416
416
576
37353
65263
65327
65247
65183
41962
7777
96
384
464
8578
43306
65295
65119
65039
65359
43818
8530
128
352
208
5537
40953
65327
65311
65279
65215
41146
6401
208
192
144
9010
44762
65023
65023
64959
64911
42186
4929
208
224
64
11810
45195
65247
64991
65343
65311
41754
4881
256
480
64
7233
40249
65263
65119
65199
65279
38089
720
80
96
208
14211
50556
65295
65183
65119
64639
31543
448
512
640
448
16548
51724
65343
65183
65135
64863
31271
352
448
192
128
19060
54893
65263
65263
65055
58142
24149
176
128
224
64
26390
61599
65343
64991
64783
53501
23317
80
208
128
208
31671
64575
64783
64863
64879
50828
18564
288
416
416
464
33224
65311
65183
64847
65343
53917
16772
80
192
528
8177
40489
65167
65343
65343
65311
44218
9922
208
256
320
608
38105
64879
64911
65311
65183
43770
7393
512
256
256
5345
41674
65311
65247
65087
65231
38873
2512
192
80
256
7425
42202
64799
64879
65055
65103
36632
1968
144
176
96
15395
53517
65023
64911
64911
59662
27270
64
176
432
352
19108
57197
65279
65311
65311
59886
27286
208
144
144
160
19012
55709
65215
65311
65167
57358
24101
80
336
128
96
16804
53965
65247
65327
65199
56205
22021
192
256
288
432
21349
58782
64815
65039
64783
59022
26438
416
448
432
320
25254
61246
65279
65199
65199
56813
22805
128
160
128
128
26726
62223
65151
65151
65023
56413
24565
240
496
96
176
28086
62975
65167
64911
65055
53437
17780
128
144
208
144
29367
65215
65311
65295
65311
51132
15187
384
432
400
464
34328
65311
65135
64975
65327
50428
14899
96
304
464
512
32007
65183
65119
64783
65343
48987
14019
432
480
448
2080
37737
65151
65311
65071
65023
42986
7521
208
176
160
5073
39481
64991
64895
65343
65215
40953
4353
224
160
160
9714
46923
65311
65215
65007
64991
34296
544
464
496
432
16259
54861
65039
65343
65263
63167
28662
272
96
240
288
19108
55405
65311
65215
65215
62159
32167
144
128
128
240
20597
58974
65327
65311
65295
58430
25510
128
96
128
144
24598
59070
65327
65215
65311
56157
22069
128
96
96
496
24405
61903
65007
64799
64943
53244
19796
512
528
368
448
26870
63535
65311
65103
65103
48811
15011
192
400
336
240
31495
64911
64943
65343
65247
47403
12691
272
176
160
256
34872
65279
65279
65311
65279
43290
9570
448
432
448
7185
44506
65071
64943
64959
65039
37273
2912
192
528
464
8994
44314
65167
65327
65279
64911
35032
256
128
144
160
16099
51420
65279
65327
65327
65215
32535
128
176
80
80
20084
56205
65247
65343
65311
58702
24854
336
256
96
224
23429
61278
65359
64911
64911
56765
23893
480
384
400
544
23605
57406
64847
64911
65039
60478
27158
224
272
304
64
28374
61599
64959
64847
65039
56573
22725
480
64
416
560
23173
59358
65087
65183
65327
57053
21909
128
400
416
160
25510
61198
65151
65295
65247
53965
20436
128
192
176
176
29399
65183
65311
65263
65247
52444
17892
160
208
272
400
34920
65167
65183
65215
65311
49596
15059
336
432
80
3872
36152
65199
65263
64991
65295
48123
11570
192
464
448
3984
36056
65327
65311
65215
65247
46235
11474
224
304
304
304
36568
65279
65263
65247
65167
44218
8594
96
192
80
3280
39561
65103
65343
65327
65215
41178
4561
256
352
336
8242
44170
64911
65295
64911
65263
36408
1696
384
528
192
13955
50060
65311
65327
65311
65215
33176
992
160
96
128
16452
52764
64975
65135
65183
58846
26822
224
320
144
208
19284
57053
65279
64959
65343
64447
27862
80
80
128
256
24646
61471
65231
65215
65215
55613
23877
192
128
96
128
26838
62639
65311
65231
65279
52652
19380
288
176
640
368
25046
62143
65183
65023
65215
50124
19380
176
96
208
592
31111
65327
65119
65055
65151
49436
14259
288
256
96
2064
33048
64863
65343
65055
64783
45211
13795
384
192
320
5025
38313
65311
65279
65311
65215
40105
3072
400
432
176
3392
38649
65023
65023
64655
64911
36648
1248
208
208
96
10114
46571
65279
65343
65039
65007
36584
224
96
0
336
12563
50332
65311
65327
65311
65215
32471
224
352
304
432
16259
53421
64991
64847
64959
62863
29271
96
144
96
144
21989
57261
65311
65311
65151
58878
24229
160
288
272
448
24373
61663
65135
65055
65135
57870
22117
256
304
480
448
23861
60766
65263
65279
65247
56253
24357
432
416
560
544
27350
63423
64879
65039
65327
58334
22725
240
256
304
512
27862
65039
64911
64847
65359
53277
18404
272
368
80
80
34648
65311
65311
65247
65071
45675
11186
160
176
128
544
36344
65279
65311
65199
65151
42618
8177
0
528
336
6657
41066
65199
65247
65247
65247
40361
2528
560
80
224
13235
50188
65343
65151
65055
64687
31239
608
560
416
256
17764
55213
65167
65087
65263
61759
30551
64
128
112
96
21189
58590
65263
65295
65215
53180
18756
144
144
160
160
26902
63823
65231
65311
65183
52828
23605
64
96
160
176
30071
64991
65119
65279
64911
50092
15171
64
176
144
128
34488
65263
65151
65279
65295
44794
11570
192
128
192
1280
38489
65247
65215
65215
65183
45083
8834
256
496
224
1968
39513
65279
65279
65167
65183
40649
5281
464
80
512
8642
42778
65279
65087
65151
65231
37609
4273
160
144
176
9362
43562
65247
65279
65247
65279
39897
5649
128
256
176
11698
48059
65279
65247
65183
65167
36664
608
464
352
512
10130
46491
65039
64783
65071
65231
35544
2432
256
80
208
15571
51196
65279
65311
65311
65071
33368
176
96
144
224
15251
51964
65023
65007
64911
65247
31975
144
192
320
336
19556
56813
65279
65215
65023
61294
28791
80
144
160
272
21829
57550
65183
65247
65295
53789
21045
176
176
144
160
27878
64991
65343
65311
65311
50300
16980
448
256
160
96
32103
65135
65327
65279
65247
49003
15411
480
512
400
640
35528
64911
65295
65327
65231
46299
10258
192
144
192
3584
37385
65311
65183
64991
65327
44506
10386
304
128
144
8546
39849
65199
64991
65023
65327
43594
8177
112
208
288
3616
39897
65263
65295
65263
65247
37817
2896
560
96
64
12899
49772
64943
65343
65167
65055
33464
128
128
272
288
16708
55741
65119
64799
65039
60078
26902
176
160
128
176
22053
59022
65247
65327
65327
58862
21429
560
192
272
384
29367
64415
65199
64959
65311
55453
22005
384
512
464
48
24453
58910
65199
65311
65167
53597
20148
96
128
112
160
27734
64687
65215
65279
65279
49724
16420
192
144
176
480
31159
65087
65279
65311
64911
45034
10194
96
304
144
96
29335
65119
64991
65087
65007
47323
11858
128
208
256
800
37449
64879
65343
65215
65311
44282
8097
176
144
176
7825
42954
65023
64783
65039
65039
38025
3232
96
304
464
7297
42314
65247
65311
64991
64927
33240
544
96
80
256
7473
45659
65327
65311
65327
65087
34296
400
160
384
400
9234
45307
65023
65279
65343
65343
33640
288
368
272
432
15779
51196
65279
64927
65151
64655
29767
480
80
128
208
18516
53677
65167
65023
65359
63503
30679
432
80
576
64
23733
59550
65279
65023
65103
55757
21125
400
64
176
144
24101
61631
65199
65247
65279
54429
20388
192
320
432
160
31287
65055
65279
65279
65263
48843
14211
256
304
448
4257
36937
65343
65279
65263
64959
49420
15155
608
544
80
4577
38201
65215
65183
65311
65103
43706
8642
128
144
176
6737
41658
65231
65103
65279
65311
39129
3088
96
176
400
8770
45803
64911
65343
65167
65279
35736
384
688
336
480
12931
48043
64911
65039
65071
65039
32904
144
96
128
128
17652
54925
65279
65327
65247
64831
29591
480
544
128
368
22437
58254
65071
65215
65279
55453
24005
160
96
208
192
25862
63311
65327
65263
65279
53565
21861
464
352
64
96
28855
65087
64959
65023
65103
48923
14243
528
432
304
640
36488
65311
65247
65231
64911
49228
13763
304
288
304
1856
40953
64783
65343
65247
65279
39385
2736
608
448
208
11794
45851
65263
65343
65119
65151
36136
544
96
96
128
12387
52492
64959
65343
65311
65215
35288
432
144
128
272
14691
48347
65263
65167
64863
64911
30535
416
336
192
80
16404
51532
65119
65343
65055
64399
28711
384
528
352
480
22085
59070
65199
65023
65247
56125
24325
416
80
176
128
25670
61999
65279
65055
65247
52684
22869
144
128
144
144
30679
65135
65263
64863
64991
52108
13811
192
80
224
512
32663
65247
65199
65183
64911
46603
15043
256
320
384
3280
39193
65263
65183
65295
65231
41098
5713
80
384
320
3536
38537
65183
65311
65311
64911
36536
4753
128
80
384
6033
44186
65023
65039
65087
65183
34216
176
144
208
208
10962
47307
65279
65183
65167
64991
33144
512
352
384
80
19780
55421
65215
65279
65247
64191
30167
176
128
160
128
21461
57502
65247
65247
65311
60126
25062
160
208
176
288
22549
60062
65279
65119
65279
55453
25254
112
208
144
272
24726
63327
65279
65215
65311
53485
18212
304
304
160
176
32984
65199
64959
65343
65327
48699
12963
240
400
288
6209
41050
65327
65311
65279
65087
42682
8177
64
192
176
7457
41226
65183
65247
65119
65167
39929
6033
512
336
80
11442
46219
65247
65199
64847
65039
40297
3584
448
400
208
8017
45627
65023
65119
64959
64847
37849
2832
336
352
80
17764
50236
64863
64911
65087
63183
29463
160
80
144
128
21797
61262
65263
65023
65039
61086
27750
160
112
96
288
25046
59998
65279
65279
65247
55901
23845
176
128
144
256
21253
57742
65215
65007
65071
55053
22405
352
464
96
144
23893
59358
65071
64927
65039
55469
21701
480
80
160
160
26374
60526
65343
65279
65119
54893
20837
480
192
528
416
25334
62975
64991
64975
65023
48811
16964
144
80
384
144
25558
61374
65279
65151
65215
49452
17620
256
384
272
256
29431
65215
65231
65215
65183
49500
16051
192
176
192
288
35096
64975
64847
64975
65039
46075
11458
336
208
80
288
35656
65167
65311
65183
65231
41818
7377
464
80
176
6321
41194
65231
65311
65311
65311
38697
3424
192
160
160
9938
46235
65311
65183
64879
64959
36264
912
608
480
464
13635
49452
64943
65295
65311
65199
35336
832
80
144
96
15555
51084
65311
65279
65327
65199
32695
208
304
192
160
17620
55437
65279
65311
65343
60686
26646
400
160
112
0
18244
55165
64927
65279
64991
65167
28262
128
96
128
176
24117
60430
64911
65327
65311
60622
27030
320
400
512
576
22741
61118
65039
64847
65119
54493
22933
464
384
464
384
24758
61503
64959
65087
64847
52876
18948
64
96
432
352
23029
60126
65327
65151
65311
51948
20308
128
144
160
128
27126
64063
65151
65279
65023
50972
17876
256
336
416
1088
34008
64927
64783
65343
65215
45002
10834
304
128
144
7569
43002
65119
65039
64815
65343
42474
4929
352
64
160
12258
46219
64911
65215
65119
64863
36344
3200
544
336
176
6561
43098
65215
65247
65311
65199
37977
4048
80
224
320
10754
46091
65039
64831
65167
64735
34376
464
544
464
64
15459
47659
65023
64863
65295
65311
34888
176
96
176
128
12291
51980
65071
65151
65151
60526
26902
96
288
144
304
18580
56989
65215
65215
65327
57165
27382
96
224
176
144
21029
58638
64911
64783
65343
56845
24549
544
432
256
176
22597
59102
65247
65327
65199
58190
27574
368
128
208
208
25974
63423
65279
65279
65263
56925
23973
640
80
128
128
27158
63551
65311
65199
65071
54877
20949
160
96
416
128
29159
65023
65247
65279
65311
50332
18564
464
432
160
224
34872
65199
65151
65151
65071
49612
16580
544
144
352
656
32599
64847
64799
64847
64943
45002
11874
80
80
80
2432
37273
65183
65119
65311
65183
42346
7649
304
336
352
4737
42314
64959
65007
65263
65023
40489
4785
208
432
464
8322
46603
65183
65135
65023
65199
36024
2080
64
80
80
14131
53309
65183
65103
65071
64959
34872
736
96
160
240
16580
53068
64975
64783
64847
65279
32535
288
96
160
208
19108
53341
65199
65279
65023
64351
29063
96
96
128
96
20020
57678
64847
64847
64911
58638
26390
416
416
80
480
21173
59342
65247
65135
65119
58318
24165
432
384
432
304
20372
58894
65343
65247
64991
57277
22149
432
224
144
144
26038
64207
64975
65263
65039
49596
19796
96
96
128
144
30551
65215
65119
65279
65343
45243
12034
256
160
176
464
34008
65247
65279
65279
65311
45531
9730
128
160
192
4225
40153
64927
65103
64927
65167
40953
5729
464
480
432
6753
40313
65135
65279
65183
65199
39673
3968
112
176
128
8978
44890
65295
65311
65039
65087
35672
640
144
560
480
15363
49324
65279
65183
65343
65023
33336
128
144
176
176
18324
56205
65311
65247
65279
59502
27414
480
464
384
640
30007
65119
65183
65119
64783
56653
21413
96
176
160
144
26406
64287
64815
64783
65343
55789
23157
144
560
272
192
24565
62271
65311
65311
65311
48987
17892
208
528
464
416
33848
65311
65247
65279
65247
44250
11394
400
448
480
4161
36744
65343
65119
65119
64991
43962
10050
512
160
512
4897
38617
64911
65343
65183
64911
43418
8097
96
64
96
7457
40681
65215
65311
65343
65327
40953
5921
144
96
480
5457
43002
65231
65327
65279
65151
43674
6433
224
416
80
7505
42778
65215
65151
65087
65023
38617
3968
560
512
400
9122
45067
64911
65327
65327
65279
36200
416
512
368
496
